gen 1 A: [1693, 1400, 1367, 196, 193]
gen 1 B: [49, 18, 16, 16, 14]
gen 2 B: [811, 205, 151, 147, 88]
gen 1 B: [45, 13, 0, 0, 0]
gen 2 B: [85, 11, 8, 6, 5]
gen 3 B: [587, 223, 95, 51, 46]
gen 4 B: [708, 675, 613, 361, 164]
gen 5 B: [5559, 3521, 3120, 2859, 2534]
gen 6 B: [9066, 5379, 1941, 594, 528]
gen 7 B: [8041, 6113, 5836, 5035, 5022]
gen 8 B: [19063, 8905, 4917, 4692, 3864]
gen 9 B: [35577, 16340, 13378, 12769, 12484]
gen 10 B: [50324, 21684, 18193, 14148, 12124]
gen 11 B: [65324, 37424, 27681, 16378, 16007]
gen 12 B: [17855, 12888, 10170, 5005, 3708]
gen 13 B: [25486, 18744, 17124, 14235, 11047]
gen 14 B: [42470, 35356, 19903, 19655, 16738]
gen 15 B: [63335, 38407, 27384, 21767, 17186]
gen 16 B: [53784, 35213, 24006, 22264, 22116]
gen 17 B: [41052, 32551, 23347, 20213, 16526]
gen 18 B: [55595, 37999, 24252, 20032, 17886]
gen 19 B: [59613, 45666, 39598, 39386, 38282]
gen 20 B: [112470, 61896, 56641, 31664, 21087]
gen 21 B: [32917, 24252, 19065, 18979, 17087]
gen 22 B: [29712, 27691, 24247, 22661, 20734]
gen 23 B: [68430, 53276, 45981, 43904, 38109]
gen 24 B: [35540, 30034, 21434, 21255, 18864]
gen 25 B: [179861, 23107, 17566, 16348, 13209]
gen 26 B: [136215, 61862, 53280, 48982, 45958]
gen 27 B: [93585, 51489, 19289, 16122, 12875]
gen 28 B: [54940, 54400, 41445, 30770, 29527]
gen 29 B: [120923, 30774, 29650, 24204, 20414]
gen 30 B: [82255, 43947, 34036, 26370, 25059]
gen 31 B: [114202, 108132, 83119, 71912, 67385]
gen 32 B: [37229, 33388, 30454, 26046, 19032]
gen 33 B: [81020, 60655, 45095, 24479, 24270]
